1.00
1.36
1.97
2.98
1.00
1.00
1.13
2.17
2.00
1.00
1.00
1.05
1.00
4.41
1.51
0.00
1.97
1.19
1.12
1.00
1.85
1.00
2.00
1.80
0.00
1.00
1.38
0.00
0.00
4.00
2.21
3.00
3.68
3.79
1.00
0.00
1.22
1.00
1.00
1.27
1.60
0.00
2.70
1.74
1.23
2.02
2.00
1.00
2.78
0.00
0.00
1.59
1.06
1.36
2.00
3.43
1.19
0.00
1.47
2.10
0.00
2.12
1.68
2.00
3.01
3.00
1.27
1.43
1.32
2.39
2.00
1.00
3.76
0.00
2.00
2.00
0.00
2.00
1.54
2.22
1.01
1.00
3.39
3.00
0.00
1.91
2.00
1.00
2.00
0.00
1.52
3.00
1.56
0.00
1.49
1.00
2.00
1.22
1.60
1.60
1.00
0.00
1.00
1.51
1.00
1.26
3.29
1.00
2.00
1.34
0.00
0.00
1.11
2.06
2.35
1.89
1.46
2.45
1.30
2.00
1.34
2.06
1.28
2.22
1.77
0.00
1.00
2.26
1.12
2.70
1.00
1.06
1.00
1.46
2.70
1.82
1.00
2.93
3.32
2.48
1.57
1.00
1.51
2.74
1.62
2.38
1.44
1.00
2.00
2.00
1.55
1.00
3.59
1.66
1.57
2.32
1.85
0.00
1.14
1.00
2.16
1.00
1.08
1.27
1.00
2.58
1.23
0.00
2.00
1.44
2.14
2.47
1.00
3.40
1.34
1.72
1.19
1.06
2.00
3.20
2.00
1.15
2.00
1.00
1.17
1.00
2.00
1.00
2.23
1.00
1.08
2.37
1.95
2.12
1.25
3.20
1.34
1.00
1.10
2.12
1.28
0.00
1.00
1.93
0.00
1.80
2.91
1.49
1.00
3.40
1.34
2.85
0.00
1.21
3.21
0.00
2.03
2.40
3.74
2.00
3.68
1.00
2.26
2.61
1.00
1.29
3.06
0.00
2.12
1.76
2.00
2.36
1.99
2.00
1.63
2.57
0.00
1.00
1.00
1.00
1.76
3.04
2.00
4.77
2.38
1.00
1.03
1.00
1.41
1.00
1.08
1.28
2.15
1.25
1.12
1.06
1.82
1.00
2.27
2.11
2.67
2.06
1.78
1.00
2.07
1.71
1.00
1.27
3.67
1.67
2.00
1.00
1.00
0.00
1.84
2.10
3.31
3.18
1.68
1.00
2.97
4.12
1.00
1.45
1.00
1.35
3.09
2.14
2.00
1.10
1.00
2.22
1.22
4.55
1.05
2.32
1.00
0.00
2.00
0.00
4.17
0.00
2.49
1.20
1.36
1.00
2.00
1.64
2.40
1.32
3.38
2.50
1.00
0.00
2.30
3.68
1.00
2.00
0.00
2.08
1.63
1.06
2.40
1.49
3.25
1.83
2.26
1.11
0.00
1.00
2.72
2.06
1.00
4.24
3.14
1.07
1.23
2.11
1.00
4.38
0.00
2.05
2.00
3.62
1.00
1.00
0.00
1.34
2.00
3.00
1.00
1.59
1.00
1.14
0.00
0.00
1.89
3.06
3.67
2.03
2.19
3.59
2.18
2.41
1.77
0.00
2.00
2.32
1.00
0.00
2.10
0.00
2.00
2.24
2.95
2.00
1.76
2.88
1.84
3.48
4.61
2.36
2.17
0.00
2.00
1.00
1.34
0.00
1.57
1.18
1.00
1.15
2.17
1.00
1.22
1.53
3.04
1.00
2.00
1.35
0.00
1.61
1.66
1.00
2.20
1.31
1.13
1.00
1.46
1.29
3.15
1.41
1.11
3.58
1.19
4.32
1.02
1.00
1.78
2.00
2.00
1.33
4.44
1.00
2.39
2.00
2.00
1.15
2.08
1.16
2.21
2.05
3.33
1.91
1.97
1.64
2.12
1.45
2.24
5.00
2.06
2.36
2.63
1.00
1.00
0.00
1.00
5.23
2.40
0.00
2.59
2.87
2.00
1.00
1.81
1.70
2.82
2.00
3.20
2.12
2.90
0.00
0.00
1.16
1.26
0.00
1.00
1.31
4.19
1.42
2.38
1.24
2.04
2.26
2.41
3.00
0.00
0.00
2.45
1.98
2.17
1.00
1.89
1.22
1.48
1.70
1.06
1.04
3.35
1.64
3.02
4.49
2.47
0.00
1.00
1.33
1.00
1.33
1.00
1.16
1.00
1.42
0.00
0.00
2.32
2.13
1.00
1.00
2.68
1.34
0.00
1.32
1.00
4.17
1.51
1.91
2.39
1.16
2.00
1.53
1.00
2.93
0.00
1.00
1.00
1.17
3.10
2.00
1.00
2.35
1.38
2.71
0.00
2.44
2.07
1.28
2.22
0.00
1.35
1.39
0.00
1.58
2.06
1.00
1.00
1.00
1.03
1.46
2.51
2.00
2.20
1.00
2.06
3.61
1.15
2.05
2.05
1.31
2.34
1.36
1.74
1.00
2.00
1.19
0.00
2.08
2.28
2.12
1.52
2.61
3.20
1.11
1.30
2.61
1.00
1.17
2.00
2.38
2.00
1.00
1.09
1.60
2.08
1.50
3.00
0.00
2.00
2.64
1.46
0.00
3.19
1.08
3.00
1.31
1.48
1.99
1.12
1.54
1.23
2.19
1.00
3.37
1.47
1.00
1.12
1.21
2.51
4.49
0.00
1.00
2.24
1.00
1.00
2.53
1.98
0.00
1.22
1.68
1.98
1.00
1.02
1.30
1.52
2.49
1.00
1.59
1.40
3.08
1.48
1.27
1.80
2.00
3.19
1.47
0.00
1.24
2.95
0.00
4.00
3.81
3.95
1.34
2.32
2.26
2.04
1.32
2.06
3.14
1.31
3.22
1.65
1.06
0.00
3.10
1.66
1.20
1.00
1.84
2.42
1.39
0.00
0.00
1.73
1.00
0.00
3.26
4.72
2.34
2.15
1.92
6.76
1.45
2.49
2.01
0.00
1.00
2.13
1.00
0.00
2.00
3.00
1.00
1.35
3.45
2.65
1.38
1.54
1.00
0.00
1.40
1.55
1.06
2.20
1.82
2.00
1.00
2.16
0.00
1.79
2.91
2.65
2.70
1.42
2.30
1.00
0.00
0.00
2.82
2.24
2.00
1.49
2.43
0.00
1.74
2.19
1.05
2.79
1.00
2.48
0.00
2.06
1.74
1.76
3.82
2.00
1.04
1.53
1.00
0.00
1.37
1.00
1.32
1.00
3.06
4.39
1.14
3.61
2.08
0.00
2.00
0.00
3.09
1.00
2.48
2.32
0.00
1.00
1.00
2.34
2.42
2.02
2.25
3.07
2.57
2.71
1.94
1.11
1.50
2.00
2.20
0.00
1.47
1.04
1.07
2.00
1.18
3.30
2.42
1.63
1.54
0.00
4.31
0.00
0.00
2.32
3.00
1.00
2.74
1.00
2.54
1.10
1.00
1.00
2.26
2.10
0.00
2.00
3.14
2.33
1.11
1.00
2.02
1.00
2.18
1.22
1.66
0.00
1.00
0.00
0.00
2.00
1.33
0.00
2.00
0.00
0.00
1.01
1.02
1.06
1.00
4.78
1.10
0.00
1.05
0.00
2.00
3.64
0.00
1.73
1.00
2.00
0.00
1.99
2.64
3.00
3.03
1.00
3.01
1.98
1.69
1.00
1.80
1.00
2.38
2.27
0.00
1.41
3.58
1.85
1.30
4.41
2.50
4.00
1.00
1.67
2.00
1.00
2.43
3.20
1.00
2.24
2.38
1.71
3.00
1.38
1.00
3.00
0.00
1.30
1.17
1.00
1.12
0.00
0.00
1.80
1.49
0.00
1.58
3.00
2.10
2.00
1.44
0.00
1.91
2.27
2.77
3.00
1.15
2.40
1.09
1.06
0.00
1.24
2.92
1.12
1.43
1.00
1.58
2.22
2.06
2.00
0.00
3.52
1.86
2.29
1.00
1.68
1.42
2.00
1.00
0.00
2.14
1.91
2.20
3.42
0.00
1.00
1.15
4.00
2.64
1.88
1.09
1.00
1.08
4.18
1.00
4.09
1.00
0.00
1.21
2.09
2.31
1.03
2.14
1.05
1.27
0.00
2.17
0.00
1.38
2.94
1.37
1.00
1.00
2.76
2.12
1.44
2.02
1.00
1.80
3.21
2.09
2.02
1.00
1.01
1.00
2.10
0.00
2.04
2.09
2.42
2.16
2.64
1.00
2.08
1.83
2.00
2.00
1.17
0.00
0.00
1.65
1.00
3.94
2.43
3.04
1.00
1.52
1.00
3.37
1.00
1.00
1.21
2.43
0.00
0.00
1.28
2.21
2.17
2.94
1.00
2.27
1.23
2.23
1.00
1.99
0.00
1.04
2.00
2.65
1.00
2.00
2.24
1.00
1.32
2.02
0.00
1.49
2.00
1.00

