8 39
46 67 29 61 47 78 59 34
6 11
99 98 44 81 80 10
10 89
95 48 14 99 42 17 80 46 53 73
10 60
6 60 56 59 44 56 47 36 31 91
6 14
58 87 99 89 73 43
10 79
53 11 84 62 5 75 63 72 97 75
4 3
82 67 43 29
6 18
94 47 26 64 44 64
9 49
85 52 46 22 80 2 9 66 65
3 1
73 73 56
11 29
71 94 46 40 99 23 29 15 74 44 40
7 2
25 11 80 31 80 35 64
8 29
50 68 47 6 50 3 34 27
6 8
1 8 23 68 48 62
4 4
57 78 8 11
7 15
73 1 13 31 86 64 4
7 13
33 44 54 41 2 62 53
8 7
70 19 76 86 82 66 18 76
7 35
43 89 31 38 19 83 92
7 34
62 58 75 74 6 47 33
5 3
9 38 77 78 96
4 2
71 53 95 60
6 16
97 65 91 57 100 28
4 2
82 40 74 5
5 6
57 63 77 33 28
8 53
55 75 77 39 1 14 86 8
10 18
9 17 97 66 50 83 32 39 85 1
3 1
81 20 92
6 10
7 20 52 1 12 4
8 31
88 4 83 31 38 78 20 36
6 7
5 58 2 92 85 64
11 99
42 54 16 25 99 15 63 25 32 10 89
11 24
16 46 76 90 9 54 73 33 45 95 36
8 53
36 88 72 98 22 25 90 28
5 8
73 10 5 92 60
5 9
58 30 18 31 20
7 13
58 45 49 32 9 32 63
5 6
59 41 93 64 18
8 27
10 73 30 43 80 74 73 20
11 64
80 96 49 41 100 70 58 32 53 41 40
9 51
16 23 70 27 68 42 81 64 11
11 15
51 62 22 94 54 81 85 54 20 62 94
6 18
83 64 91 20 32 65
8 43
88 21 9 26 91 40 11 50
10 39
58 43 39 17 53 63 94 2 13 29
9 7
16 42 30 90 45 23 17 49 38
9 79
90 51 62 81 66 55 99 58 35
9 34
90 70 91 37 70 49 24 43 9
4 3
77 22 53 64
6 20
5 56 64 78 26 64
8 56
75 26 50 25 27 58 44 84
3 1
95 84 91
7 24
59 32 74 3 6 5 16
6 10
4 57 85 47 28 77
4 4
81 15 60 82
4 2
78 31 41 66
7 15
32 48 55 30 64 18 14
3 1
90 50 93
7 31
19 51 34 6 4 27 14
11 41
23 83 28 27 32 71 19 80 23 39 61
6 4
80 38 48 31 8 34
4 2
39 74 60 67
11 135
70 6 59 45 57 10 98 64 7 68 84
10 18
27 58 58 29 38 24 91 20 91 46
5 9
98 11 30 14 97
6 14
85 73 88 71 14 33
3 1
63 65 82
3 1
94 95 67
10 20
28 12 27 52 18 70 47 83 1 44
6 7
46 5 9 40 56 82
5 8
3 83 98 37 58
4 1
96 99 71 20
11 60
38 71 87 26 74 37 99 9 38 15 20
3 1
99 36 77
9 21
56 96 3 44 74 55 82 37 34
6 3
95 53 3 84 74 2
4 4
50 81 90 38
4 3
30 27 70 35
4 1
4 2 26 97
9 70
7 64 29 10 80 82 32 63 34
4 4
70 36 7 10
5 6
80 38 6 24 65
5 3
77 97 30 78 53
11 57
4 28 45 81 25 33 77 58 46 13 63
11 103
27 92 69 90 55 41 93 56 61 39 28
3 1
90 94 39
3 1
7 28 59
10 66
44 40 7 57 64 35 91 30 50 26
7 19
98 46 69 77 97 37 20
4 2
37 75 52 5
11 136
58 14 56 2 55 1 62 9 46 35 50
4 2
33 18 7 10
7 21
23 41 29 16 76 75 1
8 13
41 92 88 27 41 1 95 91
9 2
99 11 100 86 96 41 37 14 23
3 1
40 17 99
6 20
65 97 49 5 84 16
3 1
94 8 23
9 67
10 86 13 55 64 23 28 27 71
10 107
33 88 93 82 90 71 14 14 89 61
9 77
19 51 40 69 41 27 1 16 73
8 16
60 34 8 47 59 85 21 25
11 98
40 1 70 4 16 56 59 60 40 16 61
6 3
80 59 77 40 66 30
10 7
86 61 43 13 69 86 99 96 74 78
5 9
52 28 8 21 5
7 2
27 65 1 20 15 6 34
6 18
2 54 40 26 49 42
8 4
8 1 84 76 18 10 7 71
3 1
66 48 75
11 153
42 76 97 83 68 78 43 40 86 25 72
6 19
16 30 42 80 49 80
6 20
89 100 68 24 77 42
11 106
53 25 78 60 44 49 53 41 32 64 42
5 6
84 57 59 99 49
9 23
3 79 31 37 93 7 34 91 3
5 7
5 39 42 41 13
4 1
12 83 21 75
4 2
26 3 76 21
3 1
17 37 10
5 10
46 56 27 81 36
4 1
22 28 46 95
3 1
52 97 26
6 8
86 5 90 7 59 33
8 50
4 24 95 38 42 41 84 9
8 24
14 47 70 87 85 97 6 14
5 1
1 83 65 81 7
5 2
44 30 16 69 90
4 3
77 16 97 6
10 117
38 32 34 87 16 34 73 60 97 12
3 1
13 25 36
10 24
40 76 60 46 33 15 11 51 16 82
8 4
82 81 6 81 73 67 9 89
11 41
48 87 62 60 73 46 10 72 79 75 82
7 23
49 12 40 8 21 64 3
8 36
59 28 75 2 95 6 27 71
6 8
84 27 62 31 81 54
7 17
99 35 93 59 18 98 32
4 1
14 94 87 1
11 92
76 45 23 26 66 85 32 42 71 72 71
7 1
82 51 25 83 54 31 18
11 29
100 99 21 30 47 16 39 36 42 87 5
11 22
57 88 81 19 60 65 24 66 75 21 37
8 26
12 70 1 34 5 81 81 95
3 1
70 68 90
4 2
46 66 1 49
9 36
17 32 80 18 1 64 40 31 93
5 10
55 26 80 92 37
8 20
97 88 70 65 67 25 94 94
11 62
66 25 23 69 84 83 22 69 38 45 28
5 2
73 47 54 3 4
7 10
98 17 96 37 48 78 93
6 1
49 21 30 98 15 61
10 11
68 85 67 52 21 90 30 53 41 47
9 27
41 14 84 53 64 42 65 55 91
10 38
53 81 29 41 32 33 12 20 25 99
7 14
34 8 47 87 32 6 3
11 132
55 58 40 67 5 65 28 6 14 74 35
6 5
100 32 80 97 51 70
11 74
66 62 88 14 23 11 66 35 67 6 29
9 39
5 85 12 54 93 61 25 76 24
3 1
11 60 3
10 108
61 70 59 87 91 98 19 78 51 76
3 1
79 48 83
7 15
74 65 81 1 93 3 2
5 6
81 29 21 3 51
6 18
2 88 78 31 25 32
9 31
16 5 94 21 89 56 48 77 98
3 1
63 84 88
10 106
79 45 40 50 99 34 59 64 77 67
10 65
40 59 80 34 1 94 94 52 5 30
3 1
82 66 37
11 112
87 48 37 46 61 46 92 80 50 90 64
4 1
61 86 27 10
5 1
72 79 41 3 30
3 1
23 81 57
4 3
1 42 42 17
11 163
8 98 20 75 9 18 81 16 85 26 15
3 1
71 67 72
4 2
6 26 68 65
11 23
11 69 18 92 71 8 72 57 2 93 34
4 2
61 6 78 7
7 18
72 90 17 52 37 39 94
8 28
86 88 77 58 11 41 7 9
7 25
95 29 60 8 83 24 99
6 14
41 75 25 31 59 90
4 3
19 17 67 17
10 81
64 54 8 33 80 77 30 40 49 71
4 1
20 73 64 5
7 28
27 57 20 72 90 9 7
6 8
68 88 28 94 16 26
4 3
57 14 78 89
9 10
68 98 19 72 55 45 100 72 77
8 37
34 77 64 34 100 16 17 86
4 2
91 41 62 66
4 2
38 8 55 81
10 91
47 16 21 90 76 96 33 11 48 34
4 2
16 86 84 38
9 56
28 45 97 94 15 17 85 85 25
10 116
67 40 11 99 97 27 20 23 100 100
4 4
97 5 60 48
10 19
66 8 82 3 31 32 72 58 11 14
11 77
66 13 33 85 100 88 57 93 28 27 29
3 1
38 46 55
3 1
75 58 99
8 40
6 63 15 42 14 61 14 17
10 105
68 5 93 35 60 50 96 78 21 68
4 2
94 45 43 4
10 92
21 65 12 45 38 10 32 74 36 6
7 10
32 52 95 84 60 91 77
7 3
79 75 2 91 13 80 82
7 34
70 11 91 88 69 55 99
10 6
38 64 82 60 21 9 44 20 6 71
10 66
59 15 14 55 26 60 48 24 64 67
10 58
1 13 53 63 96 36 50 70 11 97
4 2
65 53 52 9
9 62
10 47 71 55 83 28 63 47 50
8 4
87 64 89 46 59 76 45 41
5 3
22 37 55 68 86
9 75
20 21 34 12 2 4 79 76 27
3 1
51 76 10
11 123
16 40 58 56 27 51 73 16 95 39 100
5 10
93 59 47 68 83
7 34
67 80 26 90 1 8 70
5 9
88 42 6 47 73
3 1
12 29 74
6 5
65 84 33 64 33 5
3 1
21 5 75
9 13
86 16 1 76 77 72 93 60 32
11 87
81 2 68 94 79 66 78 77 17 76 48
10 47
84 32 23 58 17 44 82 11 77 51
7 27
37 77 68 67 63 72 84
10 110
60 34 81 3 78 20 69 1 53 92
8 34
1 60 86 84 33 83 60 76
7 24
11 62 12 3 63 29 68
10 67
77 19 82 67 47 75 41 67 87 55
11 72
85 7 46 61 97 29 61 21 75 50 27
11 70
28 25 53 72 79 21 29 47 30 56 81
5 10
12 17 66 91 94
9 46
49 28 3 17 40 45 98 22 74
11 2
86 6 58 58 93 1 47 69 44 96 100
7 22
37 50 97 2 81 48 89
8 37
62 32 8 36 26 43 52 87
4 3
21 13 23 45
9 9
24 29 32 78 85 58 13 19 50
4 2
40 94 90 25
8 45
36 70 38 56 93 51 84 15
4 1
10 31 33 24
6 18
92 46 32 75 57 5
6 4
3 36 73 10 76 80
10 4
100 39 96 16 62 61 6 63 96 77
5 10
56 62 14 76 77
6 13
34 91 8 1 5 42
7 22
34 25 92 24 52 6 91
10 41
84 39 97 6 73 19 28 72 29 70
5 9
2 43 82 83 50
4 1
40 98 21 30
3 1
46 15 59
7 2
60 87 41 68 8 79 86
9 78
6 52 76 48 74 14 78 2 73
10 97
98 97 75 100 52 4 49 18 83 43
10 82
81 67 99 46 32 94 21 20 49 88
9 72
45 1 29 11 78 84 19 56 35
4 1
41 39 2 52
3 1
64 39 38
9 36
1 91 36 44 28 16 54 100 43
8 45
33 59 28 81 20 54 38 20
4 4
98 15 11 5
5 3
88 2 73 89 78
3 1
29 64 61
5 8
96 56 89 75 24
10 35
8 54 100 64 50 82 44 65 97 80
7 26
69 1 79 35 69 46 4
6 10
34 98 74 72 83 100
4 4
16 84 93 14
5 9
18 25 65 45 68
5 5
21 48 32 63 80
8 16
95 10 67 76 47 57 93 29
9 33
10 87 25 68 26 8 54 82 8
3 1
99 7 90
9 12
41 66 44 84 10 27 61 68 11
11 84
17 80 20 51 64 26 41 10 78 10 94
6 9
21 92 32 39 16 85
4 1
8 86 94 31
9 25
80 6 84 14 63 26 56 80 92
3 1
2 43 91
8 31
59 68 7 89 14 55 1 85
8 5
96 81 8 29 37 79 13 60
9 54
6 60 45 30 49 37 14 29 76
10 81
31 80 11 60 78 90 12 36 91 92
8 15
10 27 85 41 85 83 22 56
8 24
98 70 18 4 90 84 22 2
4 1
8 97 46 1
3 1
3 31 62
11 143
87 78 66 73 71 26 75 97 92 23 56
8 9
47 71 97 80 19 96 42 16
10 96
34 66 93 76 86 66 83 96 39 13
10 61
65 37 62 99 3 28 28 7 92 92
8 18
99 18 1 42 91 42 63 77
7 28
52 74 55 95 25 75 90
5 4
100 27 53 78 33
5 7
82 68 62 20 66
4 3
66 55 37 4
9 10
55 28 83 99 43 65 69 54 61
8 26
77 56 32 68 14 45 36 55
3 1
69 89 52
8 44
43 42 20 80 30 96 26 40
10 115
7 39 11 23 15 48 34 35 16 48
4 1
98 14 42 99
4 1
39 36 21 92
7 30
79 54 100 18 34 43 11
11 47
99 82 78 59 86 83 52 57 7 82 32
6 16
17 47 68 47 49 41
7 35
76 66 42 60 97 60 20
3 1
48 64 100
10 95
12 13 30 43 97 46 97 15 87 79
4 3
86 25 1 15
8 34
39 61 54 97 81 61 82 6
4 1
94 26 67 81
10 31
67 93 70 59 12 89 59 78 38 28
3 1
45 99 49
10 68
76 98 97 51 90 19 94 78 43 59
6 16
73 50 39 6 98 16
9 25
46 41 20 68 89 29 41 2 53
3 1
90 40 43
9 21
66 84 98 66 26 38 65 31 39
3 1
74 57 21
3 1
71 73 87
3 1
14 46 95
7 6
97 7 91 64 2 89 38
9 58
41 89 55 78 54 10 94 25 88
10 87
90 55 76 17 70 21 37 33 73 54
3 1
93 57 9
3 1
100 9 75
9 48
17 82 52 98 42 59 47 21 18
8 24
88 56 71 81 79 28 31 17
10 87
83 76 21 82 26 40 18 40 21 73
7 11
32 68 10 48 59 59 59
4 4
4 81 4 54
11 153
68 59 78 86 3 62 84 63 1 12 83
11 146
72 25 5 10 64 40 44 100 74 82 78
6 3
84 48 99 51 3 66
9 37
15 63 89 8 78 2 2 26 89
7 2
60 97 79 83 18 45 18
3 1
10 76 14
9 23
42 78 5 78 87 76 45 94 76
9 77
62 80 58 36 47 68 71 77 37
11 96
7 64 26 4 79 92 99 12 70 41 14
9 60
9 84 42 4 6 71 4 18 61
4 1
87 47 81 68
4 2
84 52 94 71
5 5
4 93 84 13 41
4 2
30 44 52 53
10 81
47 91 18 78 77 32 10 2 79 65
9 24
26 69 31 15 12 55 31 49 23
11 71
86 94 68 32 26 75 42 70 45 73 51
9 61
32 19 58 17 61 84 81 50 14
8 18
55 57 72 98 33 12 80 2
9 1
73 41 61 67 50 5 95 77 4
7 5
92 96 68 9 15 1 29
10 18
8 58 9 84 19 35 40 35 95 67
6 15
73 18 1 26 31 80
3 1
6 98 82
10 2
85 37 60 54 57 68 99 38 35 49
7 9
14 15 51 75 18 76 1
8 38
27 6 27 100 57 74 48 35
3 1
27 60 37
7 8
40 74 95 67 96 60 37
11 45
29 70 58 76 25 37 77 54 46 69 95
7 23
44 92 69 96 39 49 86
7 5
19 14 76 100 48 38 5
7 5
68 82 47 30 40 47 36
6 9
30 1 50 30 49 12
3 1
88 95 33
3 1
8 84 36
6 5
88 69 24 69 9 71
5 2
64 11 21 47 13
10 56
96 26 84 6 28 77 45 7 70 27
11 89
81 55 90 70 37 81 32 1 69 95 8
5 3
87 68 7 80 39
11 151
36 41 74 66 14 91 88 5 95 2 43
9 13
18 80 12 98 37 51 37 70 67
7 6
34 49 28 10 53 28 53
5 6
1 73 64 16 18
11 142
46 84 48 31 48 23 36 56 51 25 19
4 4
79 34 56 95
8 43
9 8 67 55 93 12 64 28
6 20
34 66 36 19 79 74
11 118
31 13 65 32 61 72 88 76 28 12 66
8 17
4 68 59 18 12 32 84 11
7 3
73 18 45 17 23 52 96
10 120
34 21 96 24 53 17 23 76 46 31
8 31
80 23 56 13 7 65 12 75
7 7
20 54 55 78 77 48 51
7 6
20 27 96 36 97 57 39
9 33
100 80 51 62 17 26 24 14 99
11 123
43 100 66 95 13 97 29 8 3 80 66
7 25
80 31 65 98 20 94 87
10 16
66 15 35 88 66 32 70 30 41 92
4 2
79 93 25 68
6 2
12 26 59 65 26 59
9 11
92 71 12 73 91 76 94 22 51
11 73
88 53 4 28 76 52 92 66 52 2 28
5 4
80 34 63 88 79
3 1
91 25 30
3 1
71 49 55
4 4
10 44 41 3
6 11
38 20 94 84 23 20
7 1
45 93 97 85 40 72 26
11 161
26 33 36 31 89 63 66 86 72 54 28
11 87
43 50 24 52 100 68 99 55 61 34 45
11 56
38 37 43 70 84 83 7 40 5 28 4
3 1
23 85 12
11 1
24 70 60 40 16 93 56 54 47 72 100
8 34
34 77 41 62 16 40 26 29
3 1
47 3 53
4 3
21 96 41 70
5 9
50 58 33 79 96
7 30
38 48 16 22 98 95 62
5 8
81 67 34 52 92
11 120
5 80 75 87 69 57 52 89 14 83 4
6 8
41 78 99 70 78 6
7 33
63 19 52 30 33 54 80
6 18
23 86 86 62 6 74
10 76
58 26 77 84 40 70 41 55 16 66
3 1
8 51 90
3 1
24 77 13
10 101
24 29 61 77 60 32 76 24 78 5
7 31
34 64 18 6 58 37 36
9 72
37 100 93 91 88 3 47 86 96
5 7
62 12 49 5 91
7 2
92 40 37 32 6 14 92
11 35
78 100 2 4 50 19 93 65 2 20 93
6 11
47 5 16 27 100 56
11 149
6 6 50 49 87 7 45 85 32 20 16
4 3
55 78 53 91
3 1
43 15 44
3 1
89 4 22
9 77
29 48 39 2 43 18 100 88 19
4 3
67 94 96 67
6 14
2 77 36 91 71 85
5 4
58 85 3 25 96
7 12
92 95 4 3 66 32 76
11 125
3 40 37 36 61 99 99 43 39 81 35
10 89
57 20 37 85 54 24 47 90 59 92
10 103
90 34 37 44 82 90 63 11 39 44
4 2
99 52 19 56
7 26
7 89 71 62 1 76 38
3 1
36 31 38
9 20
77 38 39 22 6 94 60 41 21
11 156
27 82 42 93 83 21 81 91 56 59 99
5 9
84 62 56 86 44
10 63
62 84 55 88 83 24 97 93 87 71
7 11
28 50 88 65 51 60 37
11 28
41 30 53 49 10 38 74 72 92 88 24
6 1
79 25 57 31 3 70
8 26
32 71 13 25 50 12 52 20
5 3
50 56 65 29 49
3 1
61 42 57
7 15
58 82 27 53 25 45 55
10 100
41 20 37 18 80 98 88 50 8 12
3 1
62 17 74
11 57
73 38 24 5 12 27 36 92 42 73 20
8 34
65 19 75 68 55 68 11 5
5 9
38 17 40 9 37
4 3
89 67 36 84
6 4
10 91 22 91 90 7
10 101
52 63 25 99 16 27 97 66 22 37
8 8
82 69 38 82 42 36 5 100
5 10
64 56 11 24 94
11 122
13 79 68 24 34 58 42 99 40 58 76
3 1
74 23 14
4 4
44 82 2 13
7 14
60 59 95 57 24 91 35
11 147
83 52 62 45 38 40 42 14 87 99 80
4 4
19 2 85 5
4 1
64 96 21 37
11 5
87 68 94 84 56 19 31 54 51 52 44
5 1
24 30 1 5 90
7 4
72 65 61 28 35 43 90
10 59
62 38 64 66 67 55 47 90 73 27
3 1
11 87 76
10 54
63 98 55 13 70 12 41 9 19 80
4 3
96 30 71 87
10 78
85 19 34 51 81 17 26 14 9 6
10 73
71 91 49 28 97 32 47 25 28 66
7 23
81 33 39 46 57 3 88
3 1
64 39 32
5 4
25 30 65 38 3
9 4
24 21 54 94 8 70 84 63 57
3 1
41 34 90
5 1
59 88 96 22 49
10 70
74 5 47 41 55 86 47 37 28 97
4 3
36 8 64 3
5 10
19 87 43 86 98
11 83
26 60 38 44 58 80 61 15 42 44 82
11 108
84 44 95 45 52 97 25 5 32 36 71
5 7
36 46 80 54 64
7 7
74 89 18 56 88 45 65
3 1
73 16 8
10 118
72 24 16 87 90 14 54 97 29 84
10 43
60 45 98 56 69 44 57 84 28 43
4 2
52 71 72 83
7 22
10 94 17 88 36 85 75
7 23
68 71 45 16 44 79 16
10 40
65 57 70 7 14 62 80 76 40 68
9 58
68 5 64 58 92 38 55 67 11
8 30
64 51 44 10 40 19 70 19
10 9
47 64 90 68 62 3 52 32 95 18
10 119
81 73 37 62 9 38 25 52 74 27
11 51
45 91 21 86 27 64 79 91 72 87 17
6 7
24 96 66 27 75 6
10 112
68 75 95 87 47 31 100 93 71 11
5 1
15 12 67 42 29
4 1
49 47 52 6
7 29
70 48 69 40 52 30 97
5 6
62 16 5 41 48
6 4
18 45 3 67 86 69
4 3
43 97 17 17
9 71
21 70 32 23 44 61 27 82 1
3 1
37 33 96
9 36
42 65 94 27 44 94 29 89 88
9 18
20 9 60 82 76 87 26 76 7
11 127
93 68 80 76 27 98 98 33 77 8 64
8 19
43 22 1 79 75 70 79 47
8 48
5 86 33 26 13 28 16 84
5 2
48 17 84 85 58
9 79
92 67 78 68 89 27 59 90 54
3 1
54 32 38
5 10
77 89 29 6 10
8 8
94 54 65 68 87 90 33 61
8 50
23 32 39 20 16 61 59 24
8 39
5 20 65 90 41 100 9 33
4 1
23 66 15 53
5 2
83 46 79 33 71
7 28
47 36 16 53 96 67 4
3 1
16 79 11
11 27
80 77 77 54 88 7 33 24 15 26 55
10 38
84 96 49 87 37 51 32 82 16 21
6 13
5 39 88 40 100 5
4 3
61 10 22 61
5 1
68 47 57 74 97
10 115
98 93 34 100 47 46 20 87 51 2
5 2
34 27 73 60 95
8 27
53 55 93 83 79 96 28 37
10 20
98 77 81 8 49 60 6 76 75 32
11 57
88 75 9 8 88 41 23 27 55 11 60
3 1
6 5 36
10 29
73 32 27 26 34 21 27 95 25 57
9 36
24 37 26 79 71 25 100 40 20
8 24
78 80 8 92 46 95 85 45
7 30
67 37 17 38 55 66 50
5 9
50 86 70 8 46
4 4
24 9 66 24
4 3
30 95 63 25
9 22
8 3 83 95 93 26 80 97 51
7 6
5 41 13 60 45 49 47
11 63
82 34 16 75 71 27 82 6 27 72 13
8 1
3 45 100 25 73 74 86 75
8 55
7 48 91 8 80 28 46 87
3 1
43 48 17
6 9
70 68 91 46 37 67
6 19
13 34 88 31 27 18
4 4
94 60 80 3
4 4
67 29 68 100
11 20
55 62 52 28 10 59 56 6 37 9 31
7 31
41 77 2 30 73 27 61
9 70
24 81 83 1 85 7 46 15 87
11 84
93 67 36 2 37 61 25 94 23 80 34
9 43
33 61 9 71 37 82 17 91 4
10 45
31 88 52 62 25 91 30 63 32 52
4 2
20 55 49 21
9 7
16 62 46 31 33 55 32 80 49
11 84
26 57 5 6 5 65 41 56 26 92 43
11 33
96 78 74 57 40 92 78 95 53 74 60
10 65
20 79 74 94 35 81 95 74 62 73
7 14
49 85 15 71 27 53 26
8 2
87 32 38 17 43 37 70 97
6 11
61 96 10 27 12 94
9 50
65 61 13 54 40 12 12 54 71
3 1
3 58 3
8 4
57 38 33 36 90 26 19 85
4 3
83 9 95 17
4 1
55 92 46 68
7 10
53 17 34 87 45 23 24
3 1
16 27 29
6 14
61 68 34 90 30 58
10 81
63 41 87 52 75 12 60 91 5 15
10 26
54 36 49 74 48 32 20 85 87 29
8 28
96 53 74 41 71 47 69 74
4 4
95 44 5 77
6 11
26 7 20 61 66 64
5 5
58 96 41 46 22
3 1
4 97 20
6 15
69 87 27 45 100 36
5 7
70 75 3 49 11
10 86
19 51 90 66 100 76 65 22 100 27
8 8
46 67 92 21 11 90 62 47
9 56
23 3 14 37 27 23 93 59 23
8 44
100 28 31 34 88 45 70 19
11 154
85 89 35 43 55 30 20 21 79 12 2
11 42
4 19 51 76 54 62 58 40 11 17 29
3 1
37 26 79
4 4
2 8 66 23
5 10
27 15 10 5 70
8 35
42 38 38 97 34 12 8 55
6 12
50 37 13 21 32 11
10 41
95 35 79 69 82 51 12 55 45 43
3 1
1 22 21
9 36
51 37 73 78 26 77 9 92 32
8 6
72 51 11 61 38 26 59 45
6 16
15 38 60 31 81 14
6 10
12 12 21 95 60 94
5 9
32 67 82 27 74
7 9
84 87 42 34 37 8 2
3 1
100 43 88
10 59
7 77 78 27 56 55 44 21 30 32
5 7
81 1 64 57 50
9 9
59 91 17 69 26 1 64 17 3
10 119
83 33 48 93 10 29 53 8 78 98
11 66
71 32 57 44 52 15 46 48 14 19 61
8 46
13 98 56 40 20 53 43 68
9 28
95 82 8 70 95 76 48 93 6
3 1
47 15 35
5 3
89 59 10 39 25
11 123
68 32 21 95 57 15 12 32 84 46 34
11 32
9 84 59 77 53 36 99 44 66 86 23
3 1
60 65 26
4 4
52 80 47 24
8 1
88 23 17 48 2 90 92 22
5 3
90 19 75 7 55
4 2
43 81 90 7
4 4
58 7 85 89
10 21
30 33 83 13 73 70 91 47 55 34
6 11
39 39 54 52 73 26
8 38
48 98 24 20 71 59 14 93
5 7
61 79 65 21 79
9 18
65 73 62 47 88 48 87 38 36
3 1
68 89 63
8 55
85 45 6 52 26 47 94 61
4 1
44 11 15 98
5 8
51 79 86 35 37
11 76
50 50 9 92 46 51 46 75 46 60 98
5 5
12 84 21 16 49
3 1
59 59 96
6 5
12 17 88 7 55 40
3 1
21 57 55
11 18
36 11 44 5 54 79 39 50 58 30 69
5 5
36 16 16 4 75
3 1
50 66 28
8 5
71 6 89 22 69 71 32 100
4 1
77 6 94 44
5 4
58 43 75 24 79
10 27
62 21 17 38 35 78 80 69 3 84
3 1
61 90 67
3 1
18 76 100
11 79
62 98 59 48 90 9 91 57 82 1 84
8 37
88 84 12 97 6 69 16 82
7 35
63 45 44 33 92 11 2
6 14
15 36 90 92 30 99
11 51
18 87 88 67 4 44 68 14 58 22 24
6 19
77 12 99 69 67 9
8 21
47 96 36 77 9 34 90 15
7 11
23 92 12 70 75 23 71
4 2
58 87 19 71
8 20
91 35 83 44 40 81 74 2
10 40
99 83 95 59 29 67 56 87 56 3
11 59
53 41 70 23 47 91 11 86 33 39 13
5 3
14 33 72 94 72
4 1
53 4 52 90
10 12
93 35 14 11 10 30 89 57 49 70
5 5
63 76 2 44 55
9 57
70 33 7 90 97 82 79 22 77
11 14
44 2 60 90 50 73 60 86 61 29 83
9 49
35 16 15 8 25 52 37 1 60
8 22
88 21 67 23 44 21 96 91
4 1
4 40 100 77
4 3
28 35 61 43
7 33
82 89 10 83 62 42 19
9 64
82 81 24 59 24 66 14 43 69
5 3
62 97 80 99 72
3 1
56 30 77
8 42
48 33 10 54 1 90 28 58
3 1
61 53 99
11 18
82 2 58 83 53 93 38 87 2 2 97
8 20
95 37 88 53 38 88 67 78
7 1
98 21 69 38 53 97 23
3 1
43 54 36
6 10
18 66 3 4 38 87
11 124
84 98 17 100 26 77 41 99 13 64 86
3 1
43 11 45
11 46
5 27 54 1 41 89 44 45 25 35 69
4 1
40 16 25 54
10 21
64 60 92 37 54 97 10 21 92 93
7 30
72 75 58 31 25 63 11
11 4
98 88 51 79 7 32 67 17 67 58 90
4 4
11 59 80 49
8 39
53 17 91 39 51 65 10 21
3 1
91 58 62
3 1
87 85 44
5 10
62 13 84 7 57
6 18
14 60 80 21 71 75
8 27
65 28 83 41 99 86 36 32
8 47
57 72 17 20 33 61 53 80
9 3
96 87 63 30 95 8 41 82 94
5 4
1 67 2 22 69
6 1
33 73 49 4 80 46
10 115
92 34 59 20 12 65 62 96 3 10
10 31
95 48 15 67 82 50 84 1 92 56
5 1
88 27 56 4 24
11 121
70 6 54 97 21 85 19 49 38 3 8
11 152
96 65 95 22 2 2 52 82 15 59 17
11 10
38 87 71 15 96 24 14 24 96 63 87
5 3
44 19 16 22 43
11 122
95 98 68 22 73 97 28 97 81 34 69
3 1
21 98 60
3 1
74 60 73
10 51
16 58 72 51 31 17 66 65 8 90
6 16
89 38 64 51 28 52
5 7
75 66 55 43 11
9 5
10 63 69 12 72 18 28 32 56
11 146
39 6 63 88 15 27 51 87 64 92 79
10 108
83 94 59 84 93 40 69 91 59 14
3 1
2 24 53
10 72
63 46 61 17 48 43 97 47 52 38
3 1
2 4 34
3 1
94 86 57
9 59
75 36 56 94 56 93 42 62 58
6 9
95 97 81 59 33 10
10 13
80 65 29 65 38 65 57 35 97 70
8 44
18 78 69 100 70 71 54 31
10 80
71 31 30 30 63 72 20 89 91 56
6 11
46 87 20 72 2 22
4 3
60 99 87 72
4 4
93 58 24 37
9 43
82 95 65 1 69 11 20 79 92
6 13
92 55 34 78 36 61
8 33
21 30 25 14 72 33 71 27
3 1
15 68 22
4 4
89 41 90 53
6 16
81 44 11 74 7 89
10 8
22 5 58 54 84 48 78 31 7 13
5 4
57 74 92 61 7
9 78
43 82 84 60 67 79 32 88 90
3 1
16 5 18
3 1
63 73 33
10 100
93 26 36 55 35 100 56 74 85 89
4 3
66 45 62 88
6 7
24 50 97 28 81 47
10 69
12 75 14 61 33 20 40 14 90 16
10 26
72 82 45 57 2 72 17 57 38 100
11 77
59 86 4 55 18 17 32 1 76 72 81
3 1
94 11 49
10 49
43 92 72 88 83 58 5 99 11 90
3 1
81 80 41
3 1
74 19 4
3 1
96 26 80
4 3
19 47 3 16
5 7
14 3 30 72 100
7 3
85 62 100 60 35 36 50
9 74
14 27 31 24 23 30 70 79 99
6 15
99 76 19 49 40 17
3 1
95 23 54
3 1
75 5 56
11 31
37 75 49 49 7 34 43 86 96 92 68
9 36
97 63 4 9 36 21 35 70 15
3 1
44 56 14
9 33
7 85 79 27 97 81 73 75 55
5 4
91 35 5 93 61
6 15
56 5 67 59 50 5
6 16
69 94 1 14 41 74
4 1
33 8 43 15
5 5
76 37 26 43 72
8 37
8 1 8 62 73 21 74 60
3 1
46 99 18
4 1
9 45 19 97
11 79
84 50 92 43 17 79 76 52 58 21 3
8 35
73 56 3 3 47 15 90 44
9 15
66 16 27 11 78 53 5 29 30
8 22
15 74 43 95 15 21 82 84
8 12
63 18 100 64 5 21 42 29
4 1
51 59 54 52
6 12
90 53 68 68 45 36
7 21
26 66 95 56 16 66 4
11 136
32 28 91 46 68 52 75 63 58 77 21
3 1
21 65 69
10 15
96 33 27 31 13 41 51 100 63 91
5 8
59 68 46 30 90
6 5
43 73 65 98 99 79
6 17
69 51 35 19 76 87
7 21
11 72 8 51 43 91 63
9 67
35 28 36 4 4 35 35 22 83
10 3
51 99 28 45 31 67 39 57 32 85
3 1
23 91 85
10 94
20 13 24 15 1 79 27 77 8 7
6 17
88 80 19 32 11 32
6 7
45 78 75 3 1 46
11 29
77 6 5 70 1 45 24 41 96 16 82
5 9
94 46 32 58 60
5 4
52 49 6 9 68
10 97
14 89 40 72 63 27 11 87 80 56
9 78
69 18 80 13 47 21 37 36 27
8 48
66 89 30 52 11 26 78 68
5 5
31 58 85 3 90
3 1
14 43 85
9 44
49 46 76 61 69 63 15 6 24
7 6
57 52 37 80 16 33 42
9 59
84 91 40 3 64 35 43 81 91
10 38
4 59 3 40 2 21 25 52 58 25
11 30
62 100 27 8 53 78 64 37 87 76 20
5 5
37 6 16 26 28
9 26
19 66 74 16 26 3 99 73 85
7 9
57 100 20 31 19 55 77
9 80
54 67 48 25 15 19 94 48 88
7 31
98 19 14 96 29 86 12
5 2
8 30 13 19 91
11 9
66 92 50 46 56 3 56 40 72 32 69
7 19
42 44 28 34 50 65 9
7 15
84 41 1 27 91 12 83
5 7
15 28 82 1 87
3 1
13 15 88
11 59
71 14 62 67 75 60 35 97 28 47 53
4 1
39 95 79 76
7 25
26 39 81 91 53 74 92
4 4
82 1 85 47
9 80
51 67 63 82 17 48 42 24 97
9 1
62 42 91 17 42 27 25 29 93
10 91
32 76 67 82 77 36 53 28 34 37
8 28
8 3 18 4 46 82 17 49
9 34
18 71 86 62 62 89 53 97 83
4 4
77 60 15 55
8 38
84 41 84 20 58 56 16 13
5 5
32 23 64 83 35
5 4
44 35 90 86 62
3 1
93 68 34
3 1
69 97 70
10 88
98 72 48 41 12 22 9 82 34 33
10 90
78 93 58 90 83 100 20 5 11 79
3 1
28 93 13
3 1
11 13 3
10 69
88 19 7 49 67 10 93 25 43 48
6 1
89 65 45 39 99 49
5 10
78 81 18 93 82
11 28
8 97 7 60 79 68 39 50 14 10 53
7 8
46 49 80 21 8 84 65
4 3
91 34 11 93
6 8
31 86 56 41 93 45
11 138
34 17 9 47 85 91 78 55 39 93 11
4 1
91 36 71 67
11 61
46 10 2 10 14 84 85 36 48 86 65
7 2
98 35 88 68 46 50 57
3 1
10 71 83
10 69
49 100 85 52 91 94 59 53 38 65
5 6
87 19 19 13 87
8 11
21 33 77 97 47 39 42 14
9 28
1 93 32 62 100 24 42 89 5
6 10
40 64 72 51 66 73
6 20
57 84 74 81 19 33
3 1
12 79 14
5 4
44 81 14 15 65
6 13
34 4 24 12 41 31
4 2
25 15 85 59
9 57
41 57 51 56 46 86 4 35 53
5 7
4 69 40 97 65
5 5
35 73 99 84 41
4 3
60 35 83 62
6 20
89 66 58 84 26 88
5 1
96 3 31 10 33
7 17
64 83 10 85 66 58 17
9 83
23 68 5 97 44 3 17 64 44
3 1
71 56 75
11 53
25 4 39 5 76 13 92 16 48 73 55
7 15
44 58 68 71 8 5 30
3 1
44 60 48
3 1
83 81 85
7 29
62 92 53 7 40 94 65
8 26
38 73 17 70 70 8 27 36
10 79
47 42 38 66 38 83 30 74 86 69
9 46
47 92 3 90 93 61 54 79 72
3 1
47 65 61
5 10
21 25 32 29 52
10 59
80 95 4 94 18 65 13 94 87 15
8 45
5 58 4 27 24 45 35 33
11 109
100 63 9 49 22 21 93 4 93 65 70
5 10
68 23 2 3 62
6 5
97 67 20 27 60 63
5 1
57 40 100 42 5
8 52
56 92 73 92 87 77 6 4
8 46
71 85 65 22 19 48 59 31
9 37
79 81 60 2 21 69 37 37 42
8 29
37 58 9 88 86 43 34 80
8 28
54 23 4 13 83 91 58 34
9 15
25 83 84 32 14 35 67 26 15
5 6
69 72 10 64 93
11 112
60 94 55 4 80 76 47 31 24 13 99
7 10
93 44 67 76 9 83 67
10 1
54 24 46 47 85 44 50 59 85 60
11 131
45 33 45 46 24 95 16 73 30 66 9
9 10
82 97 2 63 39 31 16 14 89
10 87
83 34 13 75 96 22 13 65 22 98
10 113
41 100 20 75 70 65 5 3 95 36
5 7
99 47 80 17 18
10 71
49 91 90 72 6 45 63 3 79 59
9 6
9 11 70 26 3 20 27 90 71
6 11
16 99 19 100 15 43
10 52
68 9 25 100 95 44 41 76 26 41
3 1
22 30 14
7 22
26 4 76 82 74 1 20
7 24
70 42 25 89 90 10 93
3 1
89 59 85
6 1
51 35 16 44 44 29
8 32
90 58 66 75 83 68 94 86
9 9
90 60 74 21 61 98 89 91 47
10 47
18 33 53 77 93 72 20 80 52 66
10 95
64 65 97 72 80 69 99 79 35 65
7 21
66 17 55 28 78 62 86
9 33
65 24 29 95 61 32 11 77 27
7 30
29 19 85 70 100 16 87
10 68
36 73 69 84 33 13 79 62 16 51
11 84
84 20 26 73 49 100 32 14 81 63 70
10 22
92 44 83 90 71 71 13 31 45 72
9 63
57 37 48 23 10 5 41 14 86
8 51
24 89 79 73 92 3 85 59
4 2
74 17 86 59
3 1
66 46 22
10 93
35 58 93 80 28 3 42 19 97 15
3 1
35 5 60
4 4
63 2 58 46
7 31
69 18 27 39 72 98 41
11 99
14 63 28 6 72 44 77 30 47 88 96
10 25
37 17 88 11 84 79 47 100 7 55
10 104
90 61 7 100 64 7 84 19 31 40
11 161
90 68 17 20 38 23 15 40 15 51 17
6 1
85 97 89 94 62 28
8 1
30 73 54 36 34 93 70 38
4 1
68 40 98 50
6 17
9 78 43 55 97 23
6 13
62 77 5 66 96 15
10 94
44 99 73 47 46 86 70 85 76 6
6 19
51 38 74 38 48 65
4 2
97 54 42 32
11 17
39 93 74 74 10 1 17 65 76 64 28
8 51
71 15 16 75 94 75 56 14
3 1
79 40 56
4 2
63 54 70 95
6 5
42 19 35 56 83 70
6 3
30 84 74 56 91 47
4 1
86 90 62 7
8 38
21 7 60 87 22 24 29 33
6 14
50 31 35 13 53 68
6 13
42 60 79 92 34 73
5 2
96 54 93 84 76
10 34
41 95 32 42 25 46 36 78 14 76
5 8
28 22 97 85 17
6 4
37 96 23 80 94 36
6 10
36 58 2 22 48 33
6 2
72 38 41 70 38 23
8 47
95 79 68 82 90 43 84 38
3 1
19 14 55
3 1
28 10 93
10 52
91 35 1 69 84 70 82 21 77 76
6 4
94 48 18 3 16 24
3 1
46 46 64
7 7
69 48 20 96 13 56 58
10 92
35 57 41 89 21 62 35 42 86 15
6 10
48 91 58 94 46 92
4 4
15 30 100 61
11 14
62 39 67 88 14 75 86 82 64 27 22
10 51
72 65 45 99 82 46 100 90 72 59
3 1
89 48 96
8 3
52 67 99 86 50 77 66 9
7 16
64 77 38 37 34 94 79
7 7
42 56 64 17 15 33 64
5 7
88 93 4 92 56
6 4
27 1 26 75 48 88
9 70
58 95 16 91 13 36 30 3 9
11 87
25 29 12 26 35 97 37 27 73 42 28
7 26
1 36 51 77 2 94 28
4 2
42 8 35 48
7 28
40 100 77 52 42 97 4
11 88
8 16 95 93 20 70 35 56 40 84 92
4 3
94 72 90 34
11 70
37 27 99 45 60 61 79 16 32 80 85
10 55
58 66 45 44 78 88 45 15 36 87
6 17
53 10 73 85 77 71
11 141
90 13 93 49 67 9 55 33 48 63 72
8 44
1 77 81 12 84 97 2 78
7 2
37 30 4 18 37 79 57
4 2
90 54 24 12
11 143
39 28 24 78 37 77 73 91 46 97 63
5 2
52 49 22 69 40
9 7
64 34 37 9 95 88 90 23 90
7 27
70 90 71 97 71 14 17
6 7
62 96 83 91 11 59
4 1
5 5 99 7
6 10
38 18 52 13 98 86
10 14
45 52 21 55 45 8 17 82 65 21
4 1
2 33 51 4
8 25
73 78 71 92 67 70 66 90
9 60
67 76 22 21 64 27 60 51 51
