47.7
68.3
47.0
49.0
71.7
52.7
51.3
44.7
44.7
67.3
66.3
65.0
35.0
39.3
25.3
40.3
46.3
77.3
29.3
32.3
70.3
73.0
61.7
53.7
51.0
20.3
66.3
64.3
19.0
45.3
53.7
38.0
68.0
29.7
35.7
23.0
45.0
54.7
52.3
63.3
40.3
79.0
45.0
29.0
46.7
56.3
50.7
56.7
50.7
29.0
26.0
90.0
22.7
50.7
52.0
58.3
39.0
77.7
13.0
53.3
50.7
60.0
38.3
62.3
40.7
57.3
70.0
85.3
51.3
45.7
46.0
88.7
50.7
70.7
63.0
74.0
56.3
42.3
42.3
33.0
17.7
41.3
75.7
48.7
54.7
74.3
31.3
42.7
62.3
44.0
23.0
19.3
35.0
73.7
95.0
52.0
23.3
41.7
31.7
43.0
20.7
50.7
37.0
68.3
88.0
13.7
39.7
25.7
56.7
63.0
47.7
31.7
44.7
46.0
68.3
53.0
28.3
59.7
35.0
21.3
36.3
56.3
58.3
51.3
23.3
57.0
76.3
63.0
39.7
22.0
24.7
53.7
81.3
71.3
24.3
38.0
58.0
63.0
65.0
54.3
73.0
61.7
68.7
52.0
76.0
38.7
44.7
39.3
83.0
54.3
43.7
75.3
69.3
70.0
63.0
50.3
33.7
29.7
82.3
44.7
50.7
24.7
52.7
70.0
52.3
35.0
21.7
62.7
78.3
49.7
46.7
61.7
59.0
58.0
64.0
53.7
20.0
11.7
70.0
46.3
66.0
48.3
56.7
47.3
45.3
48.7
33.7
45.7
52.3
29.3
60.7
53.3
81.7
45.7
66.0
48.0
35.3
62.0
46.3
23.7
37.7
53.0
58.3
46.3
77.3
23.7
40.7
47.7
25.3
77.0
83.3
45.3
63.7
43.3
50.0
42.3
43.3
76.3
59.3
13.7
45.7
41.7
58.0
25.3
40.3
38.3
60.3
33.7
75.0
62.7
51.0
60.7
27.3
56.7
28.7
61.0
53.3
50.3
31.7
39.3
94.0
55.3
38.0
26.3
58.7
69.7
45.3
29.3
36.0
61.7
89.7
44.0
25.7
41.0
58.7
42.3
56.0
40.0
80.3
24.0
48.0
52.7
25.0
44.0
47.0
48.7
33.0
10.3
80.0
51.3
58.7
72.7
36.0
77.3
38.0
36.0
49.7
66.7
44.3
65.3
59.3
43.7
48.3
70.3
63.3
45.3
47.0
71.3
34.3
50.3
60.7
56.7
50.3
32.0
54.7
73.0
54.0
52.3
62.0
57.3
62.0
54.7
35.7
74.3
49.0
70.0
35.0
15.0
79.7
55.7
33.0
74.0
37.7
40.7
70.7
39.7
34.0
58.0
80.7
69.0
64.3
69.0
35.0
50.0
57.7
65.0
50.7
77.0
51.7
74.7
51.7
44.7
53.0
61.3
45.7
59.3
40.7
53.0
20.7
27.3
36.0
77.0
41.0
80.0
33.3
72.3
48.3
41.3
24.7
78.7
76.7
46.0
45.0
42.3
39.3
62.7
38.0
60.0
81.7
64.3
62.0
33.0
62.0
81.3
47.0
39.7
41.3
76.3
65.0
63.0
62.0
60.0
30.3
72.0
42.7
61.0
41.3
47.3
55.3
64.7
27.3
67.3
44.7
30.7
32.7
56.3
30.3
29.7
40.3
43.7
64.3
20.3
37.0
61.3
64.3
58.3
40.7
61.0
66.3
65.7
50.0
81.0
52.0
74.0
48.7
58.3
18.0
45.7
91.7
30.7
56.0
44.7
40.0
88.3
38.3
34.3
52.7
54.0
38.7
59.3
47.7
65.7
34.3
38.3
50.0
49.7
38.0
35.0
25.7
50.0
38.7
73.7
63.7
40.3
19.0
66.3
34.0
38.3
22.0
76.7
54.7
59.7
58.3
40.0
47.7
39.0
58.0
38.7
35.0
53.0
43.7
61.3
75.3
58.7
65.3
68.7
34.7
54.7
53.3
52.0
27.3
51.0
45.3
45.0
21.3
64.0
67.7
35.0
73.3
30.3
44.7
37.0
19.7
62.3
42.7
8.7
65.7
79.0
48.0
68.3
59.3
58.0
48.3
65.7
27.3
49.3
43.3
45.0
35.3
77.3
55.0
81.0
48.7
25.0
49.3
49.3
47.0
54.0
73.0
32.3
22.3
62.0
69.0
56.7
43.7
61.3
44.3
39.3
73.7
23.7
68.0
56.0
45.0
46.0
49.3
49.0
35.0
60.3
43.7
27.3
55.3
67.7
61.0
55.7
58.7
19.0
72.3
53.0
41.3
15.0
80.7
24.0
38.0
47.3
69.3
34.7
35.3
63.0
62.3
44.0
31.0
79.7
27.7
67.3
67.0
72.3
51.0
15.7
51.0
48.3
71.7
40.0
41.3
19.0
50.0
71.3
48.7
53.0
87.0
20.3
36.0
65.3
20.7
47.7
54.7
49.3
31.0
32.3
50.3
44.0
57.3
41.3
58.3
37.3
81.3
67.7
50.0
75.7
45.0
41.0
21.3
69.3
40.3
71.7
48.3
24.0
52.0
43.3
60.7
65.3
42.0
37.3
54.7
40.3
53.0
40.7
53.3
68.3
25.3
41.0
20.7
46.3
47.3
11.0
10.0
35.0
26.7
62.0
14.7
55.0
57.0
29.7
55.3
44.3
53.3
77.0
43.0
44.0
58.7
17.0
44.3
37.3
73.0
32.3
52.7
34.7
70.3
50.3
41.0
90.0
57.3
59.3
50.0
65.0
46.0
45.7
55.0
67.0
73.3
26.3
52.3
52.7
58.3
39.0
71.3
48.3
44.3
57.7
31.7
48.0
80.0
71.7
59.3
60.3
72.7
64.7
63.7
54.3
15.3
50.0
53.0
30.0
55.3
59.7
59.0
65.0
70.3
51.0
66.3
65.0
65.3
47.0
57.0
75.3
25.3
61.3
72.3
41.3
37.0
42.0
86.0
54.3
30.7
71.0
78.0
73.0
88.0
44.3
36.0
52.0
33.0
47.0
39.7
79.7
36.0
85.7
39.7
37.0
70.3
72.0
25.7
36.7
59.7
37.0
92.3
31.0
67.3
16.3
70.7
57.0
31.0
23.0
84.7
34.3
62.0
59.7
69.0
49.7
47.0
44.0
57.7
36.3
52.0
26.3
48.3
13.3
79.0
57.7
63.0
73.0
52.0
50.0
40.0
77.0
39.7
57.3
56.3
37.0
35.0
61.0
41.7
62.0
64.0
54.3
13.0
56.3
52.0
65.0
58.3
35.3
66.3
48.3
51.3
67.7
67.3
32.3
67.3
22.0
38.7
78.3
25.0
44.3
57.3
45.3
71.0
40.3
38.0
69.7
63.0
37.0
37.0
30.3
50.7
30.0
54.3
53.7
52.7
36.0
47.3
60.3
56.3
55.0
57.3
45.3
45.3
51.7
74.0
52.3
83.3
46.3
44.7
22.3
78.3
66.3
14.0
27.7
42.3
59.3
46.0
42.0
41.0
23.3
38.3
58.0
47.3
45.3
56.3
52.7
34.3
69.0
23.3
59.3
62.0
29.3
37.3
44.7
71.3
38.7
50.7
37.0
38.7
60.0
83.3
57.7
43.3
35.7
82.0
45.7
27.0
73.7
43.3
39.0
47.0
65.3
65.0
78.7
34.7
52.0
44.7
9.0
41.0
84.3
59.0
59.7
61.7
46.0
61.0
35.0
76.3
48.7
81.0
54.7
66.3
39.7
57.3
58.3
61.7
36.3
35.0
46.7
23.0
53.0
44.0
47.0
69.0
59.3
50.0
53.3
53.7
10.3
67.3
48.0
44.0
50.7
83.0
46.3
42.7
52.7
66.0
57.7
25.0
59.3
21.3
45.7
9.3
63.3
66.3
34.0
39.3
50.0
54.3
46.0
58.3
57.3
45.3
72.3
76.7
33.0
67.3
40.7
24.3
48.0
52.0
60.3
45.0
55.0
22.0
34.3
52.3
77.7
46.3
76.3
84.7
59.7
66.0
53.7
51.0
40.7
49.7
56.0
73.3
26.0
39.7
59.0
44.7
34.3
33.3
35.3
38.0
47.0
66.7
32.7
16.7
93.3
78.7
72.0
36.7
49.3
53.7
42.3
61.0
70.7
33.7
58.3
73.0
58.0
74.0
79.3
28.0
38.7
60.3
88.3
55.0
43.3
71.0
34.3
60.0
63.3
29.3
43.7
62.7
48.3
52.0
61.7
39.3
76.3
35.3
76.7
75.3
77.7
83.7
63.3
51.0
61.3
54.7
20.3
35.0
29.7
32.7
47.0
54.0
66.7
59.0
57.3
49.3
38.7
32.7
57.7
52.0
46.0
53.7
82.3
52.7
77.7
37.0
51.3
55.0
29.3
76.7
44.3
