(230, 231), (231, 232), (232, 233), (233, 255), (255, 254), (254, 253), (253, 275), (275, 275), (275, 276), (276, 277), (277, 299), (299, 298), (298, 297), (297, 319), (319, 320), (320, 321), (321, 343), (343, 342), (342, 341), (341, 340), (340, 318), (318, 296), (296, 274), (274, 252), (252, 230), 
(226, 227), (227, 228), (228, 229), (229, 251), (251, 250), (250, 249), (249, 271), (271, 271), (271, 272), (272, 273), (273, 295), (295, 294), (294, 293), (293, 315), (315, 337), (337, 336), (336, 314), (314, 292), (292, 270), (270, 248), (248, 226), 
(234, 235), (235, 257), (257, 279), (279, 301), (301, 323), (323, 345), (345, 344), (344, 322), (322, 300), (300, 278), (278, 256), (256, 234), 

(203, 181), (181, 159), (159, 160), (160, 182), (182, 181), (181, 182), (182, 204), 
(207, 185), (185, 163), (163, 164), (164, 186), (186, 185), (185, 186), (186, 208), 
(216, 194), (194, 172), (172, 173), (173, 195), (195, 194), (194, 195), (195, 217), 
(200, 178), (178, 156), (156, 179), (179, 158), (158, 180), (180, 202), 
(214, 192), (192, 170), (170, 215), (215, 193), (193, 171), 
(168, 190), (190, 212), (212, 213), (213, 191), (191, 169), (169, 168), 
(205, 183), (183, 161), (161, 162), (162, 184), (184, 183), (183, 206), 
(165, 166), (166, 167), (167, 166), (166, 188), (188, 210), 
