230, 231, 232, 233, 255, 254, 253, 275, 275, 276, 277, 299, 298, 297, 319, 320, 321, 343, 342, 341, 340, 318, 296, 274, 252, 230, 
226, 227, 228, 229, 251, 250, 249, 271, 271, 272, 273, 295, 294, 293, 315, 337, 336, 314, 292, 270, 248, 226, 
234, 235, 257, 279, 301, 323, 345, 344, 322, 300, 278, 256, 234, 

203, 181, 159, 160, 182, 181, 182, 204, 
207, 185, 163, 164, 186, 185, 186, 208, 
216, 194, 172, 173, 195, 194, 195, 217, 
200, 178, 156, 179, 158, 180, 202, 
214, 192, 170, 215, 193, 171, 
168, 190, 212, 213, 191, 169, 168, 
205, 183, 161, 162, 184, 183, 206, 
165, 166, 167, 166, 188, 210, 
